1.0000000000000000      ,  -13.605689910833016     
0.90000000000000002      ,  -12.531411574816687     
0.80000000000000004      ,  -10.279836639712236     
0.69999999999999996      ,  -9.3920325695452291     
0.59999999999999998      ,  -4.6573263084939303     
0.50000000000000000      ,  -3.6221530371870099     
0.40000000000000002      ,  -3.7721484147974076     
0.30000000000000004      ,  -3.3195784352494320     
0.19999999999999996      ,  -3.5734379930143034     
9.9999999999999978E-002 ,  -3.5381111531348899     
0.0000000000000000      ,  -3.4014218520633062     
